3 0.4921875 0.52734375 0.85703125 0.8234375
4 0.2109375 0.5265625 0.1796875 0.16875
4 0.0515625 0.51015625 0.09609375 0.0671875
4 0.16875 0.73046875 0.09296875 0.12734375
4 0.15078125 0.5875 0.04375 0.09296875
4 0.0203125 0.61640625 0.03984375 0.07734375
4 0.34609375 0.10625 0.09453125 0.04140625
4 0.64609375 0.06640625 0.19296875 0.12421875
4 0.86328125 0.24609375 0.08671875 0.05859375
4 0.89765625 0.440625 0.075 0.0984375
3 0.42734375 0.9234375 0.0765625 0.0828125
4 0.484375 0.05390625 0.053125 0.10390625
4 0.559375 0.0421875 0.115625 0.084375